
((xy/key/label "continuity")
1	1
2	0.467603
3	0.3003
4	0.312163
5	0.324642
6	0.321904
7	0.314074
8	0.304658
9	0.293374
10	0.282186
11	0.271015
12	0.259149
13	0.247965
14	0.23798
15	0.228947
16	0.220554
17	0.21288
18	0.205856
19	0.19922
20	0.192591
21	0.18608
22	0.17976
23	0.173435
24	0.166799
25	0.159936
26	0.15281
27	0.14595
28	0.139209
29	0.132745
30	0.126257
31	0.120083
32	0.114075
33	0.108272
34	0.102566
35	0.0971582
36	0.0920855
37	0.0872356
38	0.0825492
39	0.0780334
40	0.0737397
41	0.0697077
42	0.0657623
43	0.0619859
44	0.0583719
45	0.0549257
46	0.0516276
47	0.048565
48	0.0456381
49	0.0429045
50	0.0402825
51	0.0378554
52	0.0355418
53	0.0333246
54	0.0311715
55	0.0291731
56	0.0273604
57	0.0257115
58	0.0241055
59	0.0225716
60	0.0210884
61	0.0197644
62	0.0185141
63	0.0173303
64	0.0162445
65	0.0152476
66	0.0143347
67	0.0134636
68	0.0126531
69	0.0119072
70	0.0112508
71	0.0105902
72	0.0100028
73	0.0094816
74	0.0089907
75	0.00856482
76	0.00813757
77	0.00774489
78	0.00735891
79	0.00708942
80	0.00673972
81	0.0064213
82	0.00616892
83	0.00598036
84	0.00572046
85	0.00560919
86	0.00548441
87	0.00530109
88	0.00522738
89	0.00498099
90	0.00486076
91	0.00470451
92	0.00463452
93	0.00447736
94	0.00435606
95	0.00433008
96	0.00421381
97	0.00421285
98	0.00415138
99	0.00418678
100	0.00412232
101	0.00412447
102	0.00412311
103	0.00418975
104	0.00420131
105	0.00425937
106	0.00427199
107	0.00427299
108	0.00427999
109	0.00433714
110	0.00448852
111	0.00444263
112	0.00447319
113	0.00455556
114	0.00469724
115	0.00471926
116	0.00473261
117	0.00472276
118	0.00479652
119	0.00468062
120	0.00465898
121	0.0045947
122	0.00456077
123	0.00455974
124	0.00452534
125	0.00454566
126	0.00452733
127	0.0045588
128	0.00450397
129	0.00456917
130	0.00470092
131	0.00479594
132	0.00494674
133	0.00494063
134	0.00503183
135	0.00496197
136	0.00486152
137	0.00475136
138	0.00473717
139	0.00469851
140	0.00462286
141	0.00455627
142	0.00443579
143	0.00431699
144	0.0042081
145	0.00410288
146	0.00399783
147	0.00388919
148	0.0037888
149	0.00369217
150	0.00363415
151	0.00356298
152	0.00350409
153	0.00343753
154	0.00337523
155	0.00330974
156	0.00324596
157	0.00319323
158	0.003149
159	0.00311373
160	0.00308078
161	0.00305214
162	0.00302537
163	0.00301204
164	0.00298194
165	0.00294581
166	0.00291849
167	0.0029052
168	0.00293403
169	0.00297127
170	0.00301821
171	0.00303147
172	0.00302495
173	0.00303689
174	0.00301899
175	0.00299964
176	0.00296618
177	0.00293267
178	0.00290708
179	0.00288178
180	0.00285894
181	0.00283006
182	0.00279029
183	0.00274549
184	0.00270352
185	0.00266396
186	0.00262246
187	0.00258008
188	0.0025416
189	0.00250108
190	0.00246482
191	0.00243459
192	0.00240696
193	0.00238793
194	0.00236958
195	0.00234873
196	0.00232671
197	0.00230291
198	0.00228319
199	0.00226514
200	0.00224798
201	0.00223
202	0.00221589
203	0.0022042
204	0.0021935
205	0.0021836
206	0.00217275
207	0.00215936
208	0.00214711
209	0.00213639
210	0.00212158
211	0.00210761
212	0.00209722
213	0.00208421
214	0.00207542
215	0.00209398
216	0.00208969
217	0.00207958
218	0.00206481
219	0.00205183
220	0.00203599
221	0.00201661
222	0.00199808
223	0.00197969
224	0.00196203
225	0.00194615
226	0.0019327
227	0.00191943
228	0.00190895
229	0.00190082
230	0.00189278
231	0.00188559
232	0.00187883
233	0.00187333
234	0.00186775
235	0.00189105
236	0.0019178
237	0.00193998
238	0.00199297
239	0.0020325
240	0.00204947
241	0.00204741
242	0.00204055
243	0.00203078
244	0.00202003
245	0.00200927
246	0.00199766
247	0.00198694
248	0.00197601
249	0.00196574
250	0.0019581
251	0.00195215
252	0.00194761
253	0.00194427
254	0.001941
255	0.00193824
256	0.00193978
257	0.00195671
258	0.0019578
259	0.00195778
260	0.00195873
261	0.00195845
262	0.00195864
263	0.00195797
264	0.00195685
265	0.00195388
266	0.00194872
267	0.00194309
268	0.00193713
269	0.0019308
270	0.0019234
271	0.00191624
272	0.00190935
273	0.00190496
274	0.0019
275	0.00189328
276	0.0018855
277	0.0018769
278	0.00186931
279	0.00186147
280	0.00185269
281	0.00184626
282	0.00184542
283	0.00188178
284	0.00193055
285	0.00196313
286	0.00195733
287	0.00193958
288	0.00192489
289	0.00190669
290	0.00188036
291	0.00184906
292	0.0018208
293	0.00181125
294	0.00178736
295	0.00179572
296	0.00178356
297	0.00177344
298	0.00176948
299	0.00176347
300	0.001742
301	0.00171548
302	0.00168901
303	0.00166522
304	0.00164322
305	0.00162108
306	0.00159572
307	0.00157534
308	0.00155735
309	0.00154291
310	0.00152937
311	0.00153061
312	0.00151881
313	0.00151066
314	0.00150081
315	0.0014903
316	0.00147969
317	0.00148035
318	0.00147084
319	0.00146222
320	0.00145528
321	0.00144839
322	0.0014427
323	0.00143726
324	0.0014315
325	0.00142823
326	0.00142463
327	0.00142067
328	0.00141642
329	0.00141139
330	0.00140628
331	0.00140173
332	0.00142119
333	0.00140804
334	0.00141067
335	0.0014084
336	0.00140129
337	0.00138982
338	0.00137798
339	0.00136576
340	0.00135358
341	0.00134091
342	0.00132925
343	0.00131657
344	0.0013053
345	0.00129493
346	0.00128454
347	0.00127494
348	0.00126598
349	0.00125762
350	0.00125021
351	0.00124417
352	0.0012386
353	0.0012349
354	0.00123945
355	0.001237
356	0.00123597
357	0.00123139
358	0.00122611
359	0.00121877
360	0.00121097
361	0.0011999
362	0.00118989
363	0.00117945
364	0.00116973
365	0.00116002
366	0.00114923
367	0.00113859
368	0.00112943
369	0.00112141
370	0.00130279
371	0.00144336
372	0.00172441
373	0.00198302
374	0.00231175
375	0.00248173
376	0.00259575
377	0.0027253
378	0.0027367
379	0.00283997
380	0.00282412
381	0.00278865
382	0.00273105
383	0.00267763
384	0.00261434
385	0.00255864
386	0.00250132
387	0.00244632
388	0.0024111
389	0.00236217
390	0.00230584
391	0.00225999
392	0.00221424
393	0.00214788
394	0.00207042
395	0.00199127
396	0.00192155
397	0.00186665
398	0.0018005
399	0.00174248
400	0.00169061
401	0.00163928
402	0.0015937
403	0.00155699
404	0.00152159
405	0.00149199
406	0.00146797
407	0.00144605
408	0.00142521
409	0.00140337
410	0.00138196
411	0.00136303
412	0.00133852
413	0.00130677
414	0.00128064
415	0.00125507
416	0.00122954
417	0.00120551
418	0.00118029
419	0.00115593
420	0.00113354
421	0.00111236
422	0.00109201
423	0.00107394
424	0.00105279
425	0.0010297
426	0.00100528
427	0.000980419
428	0.000955626
429	0.000930436
430	0.000905739
431	0.000881074
432	0.000856946
433	0.000832152
434	0.000808365
435	0.000786364
436	0.000764546
437	0.000744562
438	0.000725977
439	0.000709088
440	0.000694253
441	0.000680381
442	0.000667042
443	0.000653776
444	0.000641266
445	0.000629301
446	0.000618308
447	0.000607715
448	0.000597768
449	0.000587969
450	0.000578883
451	0.000569833
452	0.000561264
453	0.000553105
454	0.000544805
455	0.000536983
456	0.000529353
457	0.000521717
458	0.000514152
459	0.000506383
460	0.000498551
461	0.000490501
462	0.000482426
463	0.000474392
464	0.00047722
465	0.00047113
466	0.000468814
467	0.000463942
468	0.000458059
469	0.000451835
470	0.000445403
471	0.000438418
472	0.000431373
473	0.000424267
474	0.000417548
475	0.00041071
476	0.000403768
477	0.000396751
478	0.000389706
479	0.000382531
480	0.000375408
481	0.000368429
482	0.000361744
483	0.000356097
484	0.000351211
485	0.000346558
486	0.000341691
487	0.000337289
488	0.00033306
489	0.000328868
490	0.000324903
491	0.00032103
492	0.000317557
493	0.000314059
494	0.000310794
495	0.000307898
496	0.000305511
497	0.000303466
498	0.000301593
499	0.000299776
500	0.000297932
501	0.000296331
502	0.000294698
503	0.000293046
504	0.000291635
505	0.000289848
506	0.000287974
507	0.000286124
508	0.000284324
509	0.0002827
510	0.000281262
511	0.000279598
512	0.000276945
513	0.000274759
514	0.000272134
515	0.000269469
516	0.000266894
517	0.000264464
518	0.000261931
519	0.000259608
520	0.000257499
521	0.0002554
522	0.000253334
523	0.00025134
524	0.000249196
)

((xy/key/label "x-velocity")
1	0.00991467
2	0.00643312
3	0.00497585
4	0.00441087
5	0.00406561
6	0.00367271
7	0.00337629
8	0.00309904
9	0.00284729
10	0.00264137
11	0.00246815
12	0.0023197
13	0.00218721
14	0.00206889
15	0.00195933
16	0.00185816
17	0.00175999
18	0.00166663
19	0.00157732
20	0.00149227
21	0.00141052
22	0.00133277
23	0.001258
24	0.00118778
25	0.00112087
26	0.00105681
27	0.000996855
28	0.000939509
29	0.000884934
30	0.000832743
31	0.00078315
32	0.000736406
33	0.000692518
34	0.000651119
35	0.000611441
36	0.000573199
37	0.000536575
38	0.000501572
39	0.000468765
40	0.000437722
41	0.000408492
42	0.000380999
43	0.000354945
44	0.000330312
45	0.000307408
46	0.000286106
47	0.000266298
48	0.000247909
49	0.000230916
50	0.000215126
51	0.000200464
52	0.00018675
53	0.000174026
54	0.000162176
55	0.000151173
56	0.000141028
57	0.000131571
58	0.000122724
59	0.000114483
60	0.000106672
61	9.93653e-05
62	9.25061e-05
63	8.60844e-05
64	8.00735e-05
65	7.44735e-05
66	6.92578e-05
67	6.43839e-05
68	5.99013e-05
69	5.57211e-05
70	5.18306e-05
71	4.82326e-05
72	4.48642e-05
73	4.1742e-05
74	3.88505e-05
75	3.61839e-05
76	3.37202e-05
77	3.14439e-05
78	2.93373e-05
79	2.73699e-05
80	2.55761e-05
81	2.38793e-05
82	2.233e-05
83	2.08769e-05
84	1.95307e-05
85	1.82789e-05
86	1.71377e-05
87	1.60511e-05
88	1.50209e-05
89	1.41038e-05
90	1.32478e-05
91	1.24866e-05
92	1.17542e-05
93	1.10626e-05
94	1.04088e-05
95	9.79758e-06
96	9.24449e-06
97	8.73365e-06
98	8.27789e-06
99	7.85183e-06
100	7.46671e-06
101	7.15116e-06
102	6.87675e-06
103	6.63558e-06
104	6.4295e-06
105	6.22254e-06
106	6.05877e-06
107	5.93047e-06
108	5.79488e-06
109	5.64548e-06
110	5.49705e-06
111	5.44264e-06
112	5.41442e-06
113	5.3977e-06
114	5.4008e-06
115	5.39006e-06
116	5.35432e-06
117	5.37705e-06
118	5.44689e-06
119	5.5034e-06
120	5.52728e-06
121	5.56395e-06
122	5.62179e-06
123	5.704e-06
124	5.77646e-06
125	5.84452e-06
126	5.8879e-06
127	5.9057e-06
128	5.98728e-06
129	6.08478e-06
130	6.20405e-06
131	6.26525e-06
132	6.21197e-06
133	6.161e-06
134	6.07433e-06
135	5.97848e-06
136	5.91483e-06
137	5.82618e-06
138	5.74679e-06
139	5.69161e-06
140	5.66228e-06
141	5.65379e-06
142	5.65263e-06
143	5.63782e-06
144	5.60307e-06
145	5.55086e-06
146	5.48703e-06
147	5.40758e-06
148	5.32333e-06
149	5.24266e-06
150	5.17111e-06
151	5.10515e-06
152	5.05257e-06
153	5.00863e-06
154	4.97007e-06
155	4.93964e-06
156	4.91671e-06
157	4.89595e-06
158	4.87606e-06
159	4.85751e-06
160	4.84103e-06
161	4.8321e-06
162	4.82111e-06
163	4.81352e-06
164	4.80952e-06
165	4.81118e-06
166	4.81004e-06
167	4.83398e-06
168	4.82795e-06
169	4.82761e-06
170	4.77961e-06
171	4.75299e-06
172	4.7251e-06
173	4.69472e-06
174	4.66766e-06
175	4.64318e-06
176	4.61694e-06
177	4.58932e-06
178	4.5551e-06
179	4.51794e-06
180	4.48008e-06
181	4.44291e-06
182	4.39831e-06
183	4.34844e-06
184	4.2942e-06
185	4.23546e-06
186	4.17419e-06
187	4.11522e-06
188	4.06055e-06
189	4.00791e-06
190	3.96383e-06
191	3.92781e-06
192	3.89652e-06
193	3.86893e-06
194	3.84435e-06
195	3.82537e-06
196	3.80882e-06
197	3.79699e-06
198	3.79171e-06
199	3.78468e-06
200	3.77768e-06
201	3.76885e-06
202	3.76231e-06
203	3.75144e-06
204	3.73584e-06
205	3.71844e-06
206	3.70053e-06
207	3.68298e-06
208	3.66149e-06
209	3.63855e-06
210	3.61564e-06
211	3.59714e-06
212	3.57875e-06
213	3.56055e-06
214	3.55153e-06
215	3.54535e-06
216	3.55681e-06
217	3.55534e-06
218	3.5407e-06
219	3.52323e-06
220	3.50561e-06
221	3.48544e-06
222	3.46634e-06
223	3.44993e-06
224	3.43459e-06
225	3.42043e-06
226	3.40841e-06
227	3.40233e-06
228	3.39731e-06
229	3.39537e-06
230	3.39485e-06
231	3.39414e-06
232	3.39212e-06
233	3.38116e-06
234	3.373e-06
235	3.37174e-06
236	3.42129e-06
237	3.49283e-06
238	3.536e-06
239	3.5412e-06
240	3.52362e-06
241	3.49586e-06
242	3.46782e-06
243	3.44311e-06
244	3.42093e-06
245	3.39738e-06
246	3.3735e-06
247	3.34843e-06
248	3.32307e-06
249	3.30082e-06
250	3.28108e-06
251	3.2641e-06
252	3.25148e-06
253	3.23854e-06
254	3.23023e-06
255	3.22367e-06
256	3.2202e-06
257	3.22369e-06
258	3.23405e-06
259	3.24453e-06
260	3.2531e-06
261	3.26071e-06
262	3.26508e-06
263	3.27148e-06
264	3.27745e-06
265	3.28327e-06
266	3.29122e-06
267	3.29642e-06
268	3.30022e-06
269	3.30089e-06
270	3.30086e-06
271	3.30028e-06
272	3.29931e-06
273	3.29617e-06
274	3.29242e-06
275	3.28812e-06
276	3.28236e-06
277	3.27915e-06
278	3.27157e-06
279	3.26478e-06
280	3.25691e-06
281	3.24771e-06
282	3.26848e-06
283	3.26942e-06
284	3.29634e-06
285	3.24556e-06
286	3.20585e-06
287	3.18351e-06
288	3.16346e-06
289	3.14734e-06
290	3.13408e-06
291	3.12247e-06
292	3.11435e-06
293	3.10627e-06
294	3.10199e-06
295	3.11037e-06
296	3.11421e-06
297	3.10433e-06
298	3.0879e-06
299	3.07203e-06
300	3.05575e-06
301	3.03832e-06
302	3.02333e-06
303	3.00923e-06
304	2.99588e-06
305	2.98382e-06
306	2.9697e-06
307	2.95552e-06
308	2.94018e-06
309	2.92569e-06
310	2.90863e-06
311	2.8964e-06
312	2.88587e-06
313	2.87461e-06
314	2.86331e-06
315	2.85198e-06
316	2.84094e-06
317	2.82916e-06
318	2.81698e-06
319	2.80715e-06
320	2.79981e-06
321	2.79409e-06
322	2.7888e-06
323	2.78459e-06
324	2.78155e-06
325	2.78036e-06
326	2.78042e-06
327	2.78248e-06
328	2.78029e-06
329	2.77646e-06
330	2.77467e-06
331	2.77182e-06
332	2.77049e-06
333	2.77519e-06
334	2.79543e-06
335	2.79746e-06
336	2.78704e-06
337	2.76645e-06
338	2.74531e-06
339	2.72285e-06
340	2.70506e-06
341	2.68989e-06
342	2.67602e-06
343	2.66276e-06
344	2.65058e-06
345	2.63734e-06
346	2.62321e-06
347	2.60772e-06
348	2.59536e-06
349	2.58495e-06
350	2.57779e-06
351	2.57122e-06
352	2.56703e-06
353	2.56204e-06
354	2.55792e-06
355	2.56033e-06
356	2.56069e-06
357	2.55518e-06
358	2.54822e-06
359	2.5406e-06
360	2.53091e-06
361	2.51958e-06
362	2.51259e-06
363	2.50364e-06
364	2.4957e-06
365	2.48687e-06
366	2.47945e-06
367	2.47187e-06
368	2.46327e-06
369	2.49601e-06
370	2.52678e-06
371	3.0117e-06
372	3.52128e-06
373	3.90655e-06
374	4.09561e-06
375	4.35599e-06
376	4.54761e-06
377	4.54864e-06
378	4.51452e-06
379	4.39675e-06
380	4.30308e-06
381	4.17993e-06
382	4.02199e-06
383	3.86985e-06
384	3.77382e-06
385	3.70909e-06
386	3.63503e-06
387	3.54953e-06
388	3.44571e-06
389	3.31344e-06
390	3.17623e-06
391	3.03294e-06
392	2.89191e-06
393	2.75565e-06
394	2.62215e-06
395	2.4882e-06
396	2.37983e-06
397	2.29314e-06
398	2.22686e-06
399	2.17273e-06
400	2.12857e-06
401	2.09024e-06
402	2.06243e-06
403	2.03886e-06
404	2.0154e-06
405	1.99863e-06
406	1.98355e-06
407	1.96607e-06
408	1.94838e-06
409	1.92663e-06
410	1.90297e-06
411	1.87867e-06
412	1.85517e-06
413	1.82519e-06
414	1.79567e-06
415	1.76709e-06
416	1.74201e-06
417	1.7144e-06
418	1.68628e-06
419	1.6594e-06
420	1.63315e-06
421	1.60866e-06
422	1.58697e-06
423	1.56617e-06
424	1.54313e-06
425	1.51873e-06
426	1.49874e-06
427	1.4768e-06
428	1.45348e-06
429	1.43036e-06
430	1.40604e-06
431	1.38145e-06
432	1.35719e-06
433	1.33213e-06
434	1.30966e-06
435	1.2896e-06
436	1.27335e-06
437	1.25917e-06
438	1.24554e-06
439	1.23457e-06
440	1.22416e-06
441	1.21399e-06
442	1.20337e-06
443	1.1922e-06
444	1.1817e-06
445	1.17025e-06
446	1.15874e-06
447	1.14727e-06
448	1.13579e-06
449	1.12329e-06
450	1.11114e-06
451	1.09939e-06
452	1.08898e-06
453	1.07912e-06
454	1.07022e-06
455	1.06079e-06
456	1.04893e-06
457	1.03537e-06
458	1.02382e-06
459	1.01076e-06
460	9.95764e-07
461	9.77309e-07
462	9.61641e-07
463	9.46449e-07
464	9.34431e-07
465	9.27852e-07
466	9.21218e-07
467	9.09237e-07
468	8.95699e-07
469	8.82846e-07
470	8.70674e-07
471	8.59596e-07
472	8.48885e-07
473	8.38483e-07
474	8.28148e-07
475	8.17754e-07
476	8.07328e-07
477	7.97182e-07
478	7.87213e-07
479	7.76984e-07
480	7.66083e-07
481	7.54335e-07
482	7.42813e-07
483	7.31149e-07
484	7.19505e-07
485	7.08879e-07
486	6.99804e-07
487	6.9139e-07
488	6.81397e-07
489	6.70275e-07
490	6.62379e-07
491	6.53718e-07
492	6.44377e-07
493	6.33829e-07
494	6.24898e-07
495	6.15507e-07
496	6.06067e-07
497	5.96212e-07
498	5.88001e-07
499	5.81842e-07
500	5.77345e-07
501	5.73631e-07
502	5.70994e-07
503	5.68397e-07
504	5.66332e-07
505	5.63664e-07
506	5.59552e-07
507	5.55378e-07
508	5.51072e-07
509	5.45589e-07
510	5.41617e-07
511	5.3778e-07
512	5.30942e-07
513	5.2426e-07
514	5.19136e-07
515	5.1504e-07
516	5.1172e-07
517	5.07644e-07
518	5.00887e-07
519	4.9559e-07
520	4.89633e-07
521	4.81475e-07
522	4.76299e-07
523	4.70639e-07
524	4.64595e-07
)

((xy/key/label "y-velocity")
1	0.0100766
2	0.00588178
3	0.0039766
4	0.00306667
5	0.00260436
6	0.00225782
7	0.00201117
8	0.0018348
9	0.00170315
10	0.00158626
11	0.00147078
12	0.00136488
13	0.00126817
14	0.00118219
15	0.00110519
16	0.00103464
17	0.000969015
18	0.000911309
19	0.000859239
20	0.000812317
21	0.000768276
22	0.000725498
23	0.000683959
24	0.000643217
25	0.000603212
26	0.000564207
27	0.000527026
28	0.000491561
29	0.000457276
30	0.00042502
31	0.000394925
32	0.000367202
33	0.000342185
34	0.000319963
35	0.000299111
36	0.000279501
37	0.000261427
38	0.000244553
39	0.000229005
40	0.000214427
41	0.000200694
42	0.000187947
43	0.000175729
44	0.000164231
45	0.000153727
46	0.000143572
47	0.000133905
48	0.00012478
49	0.000116181
50	0.000108111
51	0.000100596
52	9.36091e-05
53	8.70372e-05
54	8.08428e-05
55	7.5082e-05
56	6.97396e-05
57	6.47442e-05
58	6.012e-05
59	5.58459e-05
60	5.18994e-05
61	4.82445e-05
62	4.48456e-05
63	4.1682e-05
64	3.87423e-05
65	3.60205e-05
66	3.34688e-05
67	3.113e-05
68	2.89934e-05
69	2.70183e-05
70	2.5226e-05
71	2.35949e-05
72	2.2111e-05
73	2.07608e-05
74	1.95172e-05
75	1.83326e-05
76	1.7238e-05
77	1.621e-05
78	1.52418e-05
79	1.43951e-05
80	1.36477e-05
81	1.29416e-05
82	1.23477e-05
83	1.18399e-05
84	1.13288e-05
85	1.08749e-05
86	1.04709e-05
87	1.0041e-05
88	9.63536e-06
89	9.27084e-06
90	8.99869e-06
91	8.74866e-06
92	8.47739e-06
93	8.21382e-06
94	7.97436e-06
95	7.78358e-06
96	7.61441e-06
97	7.52185e-06
98	7.45539e-06
99	7.39674e-06
100	7.3626e-06
101	7.33993e-06
102	7.31596e-06
103	7.32613e-06
104	7.38931e-06
105	7.48962e-06
106	7.61451e-06
107	7.73163e-06
108	7.72248e-06
109	7.61827e-06
110	7.62718e-06
111	7.75123e-06
112	7.93138e-06
113	8.09451e-06
114	8.20526e-06
115	8.19373e-06
116	8.10505e-06
117	8.01105e-06
118	8.0186e-06
119	8.06127e-06
120	8.10063e-06
121	8.15084e-06
122	8.18899e-06
123	8.27504e-06
124	8.35198e-06
125	8.48124e-06
126	8.58332e-06
127	8.72906e-06
128	8.91287e-06
129	9.1552e-06
130	9.43273e-06
131	9.56917e-06
132	9.57983e-06
133	9.52238e-06
134	9.44581e-06
135	9.33153e-06
136	9.17247e-06
137	8.97931e-06
138	8.77302e-06
139	8.55293e-06
140	8.32902e-06
141	8.14281e-06
142	7.97717e-06
143	7.82303e-06
144	7.67833e-06
145	7.53986e-06
146	7.41047e-06
147	7.28885e-06
148	7.17425e-06
149	7.06924e-06
150	6.9866e-06
151	6.90128e-06
152	6.81029e-06
153	6.71782e-06
154	6.62999e-06
155	6.54835e-06
156	6.46768e-06
157	6.382e-06
158	6.29919e-06
159	6.21719e-06
160	6.13823e-06
161	6.06722e-06
162	6.00278e-06
163	5.95778e-06
164	5.91452e-06
165	5.86986e-06
166	5.81674e-06
167	5.83663e-06
168	5.84876e-06
169	5.89152e-06
170	5.85011e-06
171	5.80217e-06
172	5.75382e-06
173	5.70152e-06
174	5.65088e-06
175	5.59525e-06
176	5.54804e-06
177	5.50678e-06
178	5.46477e-06
179	5.42245e-06
180	5.38422e-06
181	5.3422e-06
182	5.29365e-06
183	5.24505e-06
184	5.18973e-06
185	5.1318e-06
186	5.0714e-06
187	5.01484e-06
188	4.96096e-06
189	4.90586e-06
190	4.85083e-06
191	4.80143e-06
192	4.75479e-06
193	4.70938e-06
194	4.66877e-06
195	4.62946e-06
196	4.59903e-06
197	4.56915e-06
198	4.5425e-06
199	4.51693e-06
200	4.49119e-06
201	4.4681e-06
202	4.44584e-06
203	4.42719e-06
204	4.40859e-06
205	4.39048e-06
206	4.37452e-06
207	4.3594e-06
208	4.34238e-06
209	4.32347e-06
210	4.30282e-06
211	4.28313e-06
212	4.26647e-06
213	4.24937e-06
214	4.23957e-06
215	4.24258e-06
216	4.22689e-06
217	4.20497e-06
218	4.1769e-06
219	4.14593e-06
220	4.11437e-06
221	4.08529e-06
222	4.05937e-06
223	4.0366e-06
224	4.01415e-06
225	3.99463e-06
226	3.97768e-06
227	3.9621e-06
228	3.9486e-06
229	3.93656e-06
230	3.92418e-06
231	3.9136e-06
232	3.9046e-06
233	3.89748e-06
234	3.89146e-06
235	3.91561e-06
236	4.01516e-06
237	4.12834e-06
238	4.16627e-06
239	4.16073e-06
240	4.13919e-06
241	4.11374e-06
242	4.09196e-06
243	4.07519e-06
244	4.05957e-06
245	4.04453e-06
246	4.03145e-06
247	4.0188e-06
248	4.00663e-06
249	3.99617e-06
250	3.98856e-06
251	3.98389e-06
252	3.97933e-06
253	3.97493e-06
254	3.97092e-06
255	3.97187e-06
256	3.96795e-06
257	3.97365e-06
258	3.98313e-06
259	3.97547e-06
260	3.96571e-06
261	3.95577e-06
262	3.94535e-06
263	3.93579e-06
264	3.9266e-06
265	3.9186e-06
266	3.91059e-06
267	3.90173e-06
268	3.89115e-06
269	3.87754e-06
270	3.86359e-06
271	3.85137e-06
272	3.83978e-06
273	3.8264e-06
274	3.81304e-06
275	3.79943e-06
276	3.78537e-06
277	3.77162e-06
278	3.75827e-06
279	3.74568e-06
280	3.73275e-06
281	3.71964e-06
282	3.76621e-06
283	3.82459e-06
284	3.91099e-06
285	3.90422e-06
286	3.87146e-06
287	3.82026e-06
288	3.75851e-06
289	3.69743e-06
290	3.64336e-06
291	3.59693e-06
292	3.55834e-06
293	3.53585e-06
294	3.51975e-06
295	3.5236e-06
296	3.51573e-06
297	3.49496e-06
298	3.46847e-06
299	3.45513e-06
300	3.43992e-06
301	3.4124e-06
302	3.37683e-06
303	3.34179e-06
304	3.30808e-06
305	3.27804e-06
306	3.25291e-06
307	3.23129e-06
308	3.21214e-06
309	3.19333e-06
310	3.17404e-06
311	3.16764e-06
312	3.15315e-06
313	3.13718e-06
314	3.11918e-06
315	3.10008e-06
316	3.08159e-06
317	3.06798e-06
318	3.05933e-06
319	3.04826e-06
320	3.03658e-06
321	3.02597e-06
322	3.01588e-06
323	3.00738e-06
324	3.00069e-06
325	2.99398e-06
326	2.98717e-06
327	2.97983e-06
328	2.97144e-06
329	2.96192e-06
330	2.95107e-06
331	2.93901e-06
332	2.94186e-06
333	2.94235e-06
334	2.93453e-06
335	2.91622e-06
336	2.89315e-06
337	2.86574e-06
338	2.83672e-06
339	2.80783e-06
340	2.78116e-06
341	2.75742e-06
342	2.73573e-06
343	2.71578e-06
344	2.69839e-06
345	2.68338e-06
346	2.66973e-06
347	2.65614e-06
348	2.64237e-06
349	2.62937e-06
350	2.61653e-06
351	2.60473e-06
352	2.59275e-06
353	2.58091e-06
354	2.58169e-06
355	2.57313e-06
356	2.56101e-06
357	2.5447e-06
358	2.52522e-06
359	2.50438e-06
360	2.4844e-06
361	2.46514e-06
362	2.44572e-06
363	2.42622e-06
364	2.40604e-06
365	2.38576e-06
366	2.36621e-06
367	2.34665e-06
368	2.32643e-06
369	2.36575e-06
370	2.5348e-06
371	3.32841e-06
372	4.05964e-06
373	4.5147e-06
374	4.76736e-06
375	5.05988e-06
376	5.23331e-06
377	5.291e-06
378	5.2723e-06
379	5.18705e-06
380	5.06793e-06
381	4.91662e-06
382	4.78073e-06
383	4.66719e-06
384	4.59004e-06
385	4.52847e-06
386	4.49359e-06
387	4.43999e-06
388	4.34891e-06
389	4.23045e-06
390	4.10758e-06
391	3.97104e-06
392	3.83514e-06
393	3.69216e-06
394	3.55587e-06
395	3.43196e-06
396	3.32235e-06
397	3.2342e-06
398	3.15835e-06
399	3.08289e-06
400	3.01622e-06
401	2.95404e-06
402	2.89831e-06
403	2.85415e-06
404	2.81419e-06
405	2.77939e-06
406	2.74667e-06
407	2.71494e-06
408	2.6826e-06
409	2.64692e-06
410	2.60679e-06
411	2.56215e-06
412	2.51721e-06
413	2.47249e-06
414	2.42717e-06
415	2.38401e-06
416	2.34195e-06
417	2.30114e-06
418	2.26071e-06
419	2.22292e-06
420	2.18601e-06
421	2.14965e-06
422	2.11438e-06
423	2.07888e-06
424	2.04367e-06
425	2.00797e-06
426	1.97076e-06
427	1.93073e-06
428	1.88949e-06
429	1.84734e-06
430	1.80411e-06
431	1.76213e-06
432	1.72079e-06
433	1.67995e-06
434	1.64053e-06
435	1.60195e-06
436	1.56563e-06
437	1.53096e-06
438	1.49789e-06
439	1.46631e-06
440	1.43594e-06
441	1.40717e-06
442	1.37981e-06
443	1.35376e-06
444	1.32873e-06
445	1.30511e-06
446	1.28262e-06
447	1.26169e-06
448	1.24184e-06
449	1.2226e-06
450	1.2043e-06
451	1.1869e-06
452	1.16988e-06
453	1.15261e-06
454	1.136e-06
455	1.11973e-06
456	1.1038e-06
457	1.08803e-06
458	1.07234e-06
459	1.05665e-06
460	1.04121e-06
461	1.0258e-06
462	1.01036e-06
463	9.94959e-07
464	9.88246e-07
465	9.86944e-07
466	9.78799e-07
467	9.6583e-07
468	9.50015e-07
469	9.33585e-07
470	9.18933e-07
471	9.05696e-07
472	8.92719e-07
473	8.79569e-07
474	8.66965e-07
475	8.54746e-07
476	8.42957e-07
477	8.31549e-07
478	8.20522e-07
479	8.09901e-07
480	7.99523e-07
481	7.89673e-07
482	7.80156e-07
483	7.7085e-07
484	7.61615e-07
485	7.52627e-07
486	7.43929e-07
487	7.35644e-07
488	7.28144e-07
489	7.20836e-07
490	7.13565e-07
491	7.06167e-07
492	6.99257e-07
493	6.92513e-07
494	6.86044e-07
495	6.7992e-07
496	6.74029e-07
497	6.68472e-07
498	6.63145e-07
499	6.58145e-07
500	6.5352e-07
501	6.49051e-07
502	6.44483e-07
503	6.39689e-07
504	6.34844e-07
505	6.29939e-07
506	6.2488e-07
507	6.19862e-07
508	6.14828e-07
509	6.09661e-07
510	6.04593e-07
511	6.00115e-07
512	5.95535e-07
513	5.91154e-07
514	5.86733e-07
515	5.82325e-07
516	5.77951e-07
517	5.73695e-07
518	5.69106e-07
519	5.64386e-07
520	5.59695e-07
521	5.55058e-07
522	5.50124e-07
523	5.4527e-07
524	5.40752e-07
)

((xy/key/label "z-velocity")
1	0.00866574
2	0.00437463
3	0.00236982
4	0.00146361
5	0.0010505
6	0.000814183
7	0.000678137
8	0.000597438
9	0.000537913
10	0.000489501
11	0.000446867
12	0.000411259
13	0.000380596
14	0.000354179
15	0.000330904
16	0.000310367
17	0.000291644
18	0.000274946
19	0.000259483
20	0.000244919
21	0.000230611
22	0.000216896
23	0.000203895
24	0.000191941
25	0.000180802
26	0.000170292
27	0.000160283
28	0.000151042
29	0.000142156
30	0.000133672
31	0.000125388
32	0.000117689
33	0.000110416
34	0.000103644
35	9.74603e-05
36	9.14997e-05
37	8.58413e-05
38	8.06492e-05
39	7.58815e-05
40	7.13707e-05
41	6.71112e-05
42	6.3042e-05
43	5.90847e-05
44	5.53984e-05
45	5.19637e-05
46	4.87763e-05
47	4.57199e-05
48	4.27773e-05
49	4.00274e-05
50	3.73835e-05
51	3.49511e-05
52	3.27454e-05
53	3.06724e-05
54	2.86834e-05
55	2.68272e-05
56	2.51393e-05
57	2.35249e-05
58	2.20307e-05
59	2.06335e-05
60	1.93327e-05
61	1.81317e-05
62	1.70189e-05
63	1.59763e-05
64	1.50194e-05
65	1.41202e-05
66	1.32778e-05
67	1.24725e-05
68	1.17319e-05
69	1.10483e-05
70	1.0406e-05
71	9.80516e-06
72	9.23766e-06
73	8.72195e-06
74	8.25778e-06
75	7.8268e-06
76	7.4357e-06
77	7.06217e-06
78	6.71759e-06
79	6.40563e-06
80	6.13316e-06
81	5.86365e-06
82	5.64794e-06
83	5.4441e-06
84	5.28631e-06
85	5.11955e-06
86	4.98561e-06
87	4.84652e-06
88	4.6808e-06
89	4.56211e-06
90	4.44907e-06
91	4.37134e-06
92	4.26692e-06
93	4.17725e-06
94	4.0778e-06
95	3.99227e-06
96	3.91157e-06
97	3.84993e-06
98	3.80601e-06
99	3.77197e-06
100	3.74526e-06
101	3.72512e-06
102	3.7076e-06
103	3.68925e-06
104	3.68022e-06
105	3.69183e-06
106	3.70567e-06
107	3.75133e-06
108	3.74715e-06
109	3.70743e-06
110	3.67865e-06
111	3.7006e-06
112	3.7902e-06
113	3.86531e-06
114	3.94244e-06
115	4.03174e-06
116	4.0444e-06
117	4.04234e-06
118	4.04665e-06
119	4.06512e-06
120	4.07743e-06
121	4.11157e-06
122	4.12047e-06
123	4.14591e-06
124	4.16161e-06
125	4.1731e-06
126	4.19854e-06
127	4.20542e-06
128	4.23423e-06
129	4.27971e-06
130	4.37077e-06
131	4.43239e-06
132	4.44167e-06
133	4.45491e-06
134	4.4073e-06
135	4.37252e-06
136	4.33964e-06
137	4.28648e-06
138	4.24001e-06
139	4.20103e-06
140	4.16499e-06
141	4.13803e-06
142	4.10753e-06
143	4.07156e-06
144	4.03092e-06
145	3.98477e-06
146	3.93538e-06
147	3.88027e-06
148	3.82074e-06
149	3.76071e-06
150	3.70525e-06
151	3.65018e-06
152	3.59289e-06
153	3.53204e-06
154	3.47491e-06
155	3.4197e-06
156	3.36617e-06
157	3.31086e-06
158	3.25072e-06
159	3.19744e-06
160	3.1463e-06
161	3.10085e-06
162	3.05763e-06
163	3.01922e-06
164	2.98616e-06
165	2.95429e-06
166	2.92732e-06
167	2.92086e-06
168	2.91468e-06
169	2.94076e-06
170	2.89254e-06
171	2.85269e-06
172	2.8277e-06
173	2.80208e-06
174	2.7792e-06
175	2.76378e-06
176	2.75307e-06
177	2.74276e-06
178	2.72851e-06
179	2.71798e-06
180	2.70463e-06
181	2.6903e-06
182	2.67097e-06
183	2.64922e-06
184	2.62817e-06
185	2.60463e-06
186	2.57922e-06
187	2.5481e-06
188	2.52008e-06
189	2.48878e-06
190	2.45745e-06
191	2.42587e-06
192	2.40108e-06
193	2.38246e-06
194	2.36981e-06
195	2.3628e-06
196	2.36087e-06
197	2.36307e-06
198	2.36597e-06
199	2.37152e-06
200	2.37456e-06
201	2.37536e-06
202	2.3739e-06
203	2.37057e-06
204	2.36364e-06
205	2.35311e-06
206	2.33928e-06
207	2.32488e-06
208	2.31264e-06
209	2.29916e-06
210	2.28482e-06
211	2.26975e-06
212	2.25521e-06
213	2.2417e-06
214	2.2296e-06
215	2.21619e-06
216	2.2078e-06
217	2.1974e-06
218	2.18478e-06
219	2.17035e-06
220	2.15492e-06
221	2.13788e-06
222	2.12275e-06
223	2.10946e-06
224	2.09685e-06
225	2.08631e-06
226	2.07779e-06
227	2.07027e-06
228	2.06397e-06
229	2.06066e-06
230	2.05674e-06
231	2.05312e-06
232	2.05115e-06
233	2.04919e-06
234	2.04793e-06
235	2.05247e-06
236	2.10979e-06
237	2.17576e-06
238	2.19868e-06
239	2.19575e-06
240	2.18621e-06
241	2.17262e-06
242	2.161e-06
243	2.1523e-06
244	2.14409e-06
245	2.13802e-06
246	2.13298e-06
247	2.1248e-06
248	2.11612e-06
249	2.10781e-06
250	2.10084e-06
251	2.09583e-06
252	2.08837e-06
253	2.0796e-06
254	2.07178e-06
255	2.0629e-06
256	2.05619e-06
257	2.05239e-06
258	2.05166e-06
259	2.05001e-06
260	2.04561e-06
261	2.04262e-06
262	2.03815e-06
263	2.03331e-06
264	2.02717e-06
265	2.02144e-06
266	2.01643e-06
267	2.01055e-06
268	2.00465e-06
269	1.99855e-06
270	1.99311e-06
271	1.98734e-06
272	1.98059e-06
273	1.97254e-06
274	1.96617e-06
275	1.9613e-06
276	1.95373e-06
277	1.9465e-06
278	1.9403e-06
279	1.93458e-06
280	1.92854e-06
281	1.92276e-06
282	1.93825e-06
283	1.94634e-06
284	2.00812e-06
285	1.99923e-06
286	1.98417e-06
287	1.96377e-06
288	1.94199e-06
289	1.92072e-06
290	1.90279e-06
291	1.88736e-06
292	1.8746e-06
293	1.86497e-06
294	1.8536e-06
295	1.84894e-06
296	1.84751e-06
297	1.83888e-06
298	1.82592e-06
299	1.81976e-06
300	1.81743e-06
301	1.80926e-06
302	1.79567e-06
303	1.77929e-06
304	1.76317e-06
305	1.74637e-06
306	1.7278e-06
307	1.70992e-06
308	1.69374e-06
309	1.68082e-06
310	1.67015e-06
311	1.66272e-06
312	1.65453e-06
313	1.64603e-06
314	1.63597e-06
315	1.62521e-06
316	1.61572e-06
317	1.60454e-06
318	1.59862e-06
319	1.59317e-06
320	1.5866e-06
321	1.58051e-06
322	1.57411e-06
323	1.56773e-06
324	1.5622e-06
325	1.55745e-06
326	1.55209e-06
327	1.54673e-06
328	1.54126e-06
329	1.53468e-06
330	1.52755e-06
331	1.52013e-06
332	1.51505e-06
333	1.51217e-06
334	1.50655e-06
335	1.49832e-06
336	1.48761e-06
337	1.47548e-06
338	1.46354e-06
339	1.45227e-06
340	1.44271e-06
341	1.43448e-06
342	1.42613e-06
343	1.41768e-06
344	1.40977e-06
345	1.40291e-06
346	1.397e-06
347	1.39038e-06
348	1.38346e-06
349	1.37675e-06
350	1.3695e-06
351	1.36196e-06
352	1.35297e-06
353	1.34455e-06
354	1.34007e-06
355	1.33426e-06
356	1.32837e-06
357	1.32012e-06
358	1.30942e-06
359	1.29865e-06
360	1.2872e-06
361	1.27632e-06
362	1.26635e-06
363	1.25685e-06
364	1.24777e-06
365	1.23778e-06
366	1.22761e-06
367	1.21739e-06
368	1.20698e-06
369	1.21499e-06
370	1.24862e-06
371	1.6275e-06
372	2.02073e-06
373	2.13602e-06
374	2.16159e-06
375	2.26395e-06
376	2.34435e-06
377	2.34655e-06
378	2.34306e-06
379	2.32118e-06
380	2.31893e-06
381	2.3126e-06
382	2.29291e-06
383	2.27556e-06
384	2.2586e-06
385	2.25165e-06
386	2.24435e-06
387	2.23124e-06
388	2.19893e-06
389	2.15825e-06
390	2.09725e-06
391	2.0375e-06
392	1.96795e-06
393	1.88036e-06
394	1.79394e-06
395	1.7206e-06
396	1.65137e-06
397	1.58763e-06
398	1.52872e-06
399	1.48089e-06
400	1.4422e-06
401	1.4099e-06
402	1.38216e-06
403	1.3592e-06
404	1.33997e-06
405	1.32411e-06
406	1.30814e-06
407	1.29291e-06
408	1.27577e-06
409	1.26127e-06
410	1.24496e-06
411	1.22354e-06
412	1.20027e-06
413	1.17568e-06
414	1.15257e-06
415	1.12865e-06
416	1.10847e-06
417	1.08886e-06
418	1.06865e-06
419	1.05031e-06
420	1.03314e-06
421	1.0164e-06
422	1.00257e-06
423	9.88494e-07
424	9.74931e-07
425	9.62502e-07
426	9.49035e-07
427	9.33304e-07
428	9.15838e-07
429	8.95891e-07
430	8.75954e-07
431	8.56629e-07
432	8.37302e-07
433	8.18002e-07
434	7.99662e-07
435	7.82178e-07
436	7.65575e-07
437	7.50041e-07
438	7.35373e-07
439	7.21992e-07
440	7.09514e-07
441	6.98261e-07
442	6.87718e-07
443	6.77617e-07
444	6.68213e-07
445	6.59337e-07
446	6.50961e-07
447	6.42892e-07
448	6.34779e-07
449	6.26517e-07
450	6.18716e-07
451	6.10993e-07
452	6.03239e-07
453	5.95536e-07
454	5.88367e-07
455	5.80837e-07
456	5.73404e-07
457	5.66281e-07
458	5.59609e-07
459	5.53354e-07
460	5.47167e-07
461	5.41015e-07
462	5.34136e-07
463	5.26962e-07
464	5.19972e-07
465	5.18178e-07
466	5.1428e-07
467	5.08224e-07
468	5.01755e-07
469	4.96027e-07
470	4.91002e-07
471	4.86417e-07
472	4.81766e-07
473	4.76581e-07
474	4.70835e-07
475	4.64538e-07
476	4.57994e-07
477	4.51515e-07
478	4.45013e-07
479	4.38704e-07
480	4.32626e-07
481	4.26777e-07
482	4.21258e-07
483	4.16042e-07
484	4.11114e-07
485	4.0626e-07
486	4.01632e-07
487	3.96977e-07
488	3.92491e-07
489	3.8817e-07
490	3.83822e-07
491	3.79491e-07
492	3.75359e-07
493	3.71426e-07
494	3.67564e-07
495	3.63987e-07
496	3.60799e-07
497	3.57785e-07
498	3.55033e-07
499	3.52623e-07
500	3.5039e-07
501	3.48384e-07
502	3.46499e-07
503	3.447e-07
504	3.42775e-07
505	3.40578e-07
506	3.38214e-07
507	3.3577e-07
508	3.33327e-07
509	3.30959e-07
510	3.28527e-07
511	3.24965e-07
512	3.21681e-07
513	3.18561e-07
514	3.15856e-07
515	3.13338e-07
516	3.11056e-07
517	3.09056e-07
518	3.07057e-07
519	3.04608e-07
520	3.02006e-07
521	2.99388e-07
522	2.96593e-07
523	2.93758e-07
524	2.90984e-07
)

((xy/key/label "k")
1	0.0413764
2	0.0310694
3	0.0141025
4	0.0147711
5	0.0125944
6	0.0106197
7	0.00910404
8	0.0081426
9	0.00744642
10	0.00679578
11	0.00621867
12	0.00574342
13	0.00537541
14	0.00502446
15	0.00472419
16	0.00447764
17	0.00426807
18	0.00408297
19	0.00391137
20	0.00373835
21	0.00357149
22	0.0034084
23	0.00324937
24	0.00309429
25	0.00293552
26	0.00277717
27	0.0026266
28	0.00247843
29	0.00233486
30	0.00219732
31	0.00206978
32	0.00194807
33	0.00183548
34	0.0017292
35	0.00162128
36	0.0015219
37	0.00142672
38	0.0013407
39	0.00125916
40	0.00118316
41	0.00110833
42	0.00103616
43	0.000967818
44	0.000904024
45	0.000842772
46	0.00078311
47	0.000726117
48	0.000672745
49	0.000622287
50	0.000575215
51	0.000531421
52	0.000490456
53	0.000452042
54	0.000416776
55	0.000384496
56	0.000354384
57	0.000327057
58	0.000302017
59	0.000278493
60	0.000257477
61	0.000237797
62	0.000219867
63	0.000203174
64	0.000188354
65	0.000174312
66	0.000161248
67	0.000149518
68	0.000138221
69	0.000128146
70	0.000118974
71	0.000110286
72	0.000102422
73	9.55972e-05
74	8.87667e-05
75	8.26103e-05
76	7.70344e-05
77	7.14504e-05
78	6.65235e-05
79	6.26417e-05
80	5.82399e-05
81	5.43546e-05
82	5.1036e-05
83	4.82667e-05
84	4.51958e-05
85	4.26307e-05
86	4.02468e-05
87	3.75779e-05
88	3.53031e-05
89	3.32313e-05
90	3.1445e-05
91	2.99411e-05
92	2.83735e-05
93	2.69269e-05
94	2.5486e-05
95	2.4429e-05
96	2.355e-05
97	2.28956e-05
98	2.23355e-05
99	2.15682e-05
100	2.11899e-05
101	2.0898e-05
102	2.06227e-05
103	2.06269e-05
104	2.06697e-05
105	2.09976e-05
106	2.16313e-05
107	2.17846e-05
108	2.17004e-05
109	2.11702e-05
110	2.19302e-05
111	2.20184e-05
112	2.20952e-05
113	2.24238e-05
114	2.25515e-05
115	2.22775e-05
116	2.22861e-05
117	2.22223e-05
118	2.24256e-05
119	2.24512e-05
120	2.26767e-05
121	2.29564e-05
122	2.32482e-05
123	2.3619e-05
124	2.38951e-05
125	2.43612e-05
126	2.44796e-05
127	2.52127e-05
128	2.57192e-05
129	2.65289e-05
130	2.73451e-05
131	2.74734e-05
132	2.75377e-05
133	2.70563e-05
134	2.65353e-05
135	2.6155e-05
136	2.56892e-05
137	2.5138e-05
138	2.45137e-05
139	2.38475e-05
140	2.33372e-05
141	2.29054e-05
142	2.2431e-05
143	2.19863e-05
144	2.15502e-05
145	2.11422e-05
146	2.07191e-05
147	2.02972e-05
148	1.9904e-05
149	1.956e-05
150	1.92878e-05
151	1.90774e-05
152	1.88673e-05
153	1.87025e-05
154	1.85552e-05
155	1.84221e-05
156	1.82928e-05
157	1.8179e-05
158	1.8043e-05
159	1.79389e-05
160	1.78595e-05
161	1.77867e-05
162	1.76876e-05
163	1.76138e-05
164	1.7527e-05
165	1.739e-05
166	1.77783e-05
167	1.7789e-05
168	1.86635e-05
169	1.79105e-05
170	1.74671e-05
171	1.72135e-05
172	1.70868e-05
173	1.69738e-05
174	1.68129e-05
175	1.66095e-05
176	1.65075e-05
177	1.64122e-05
178	1.62386e-05
179	1.60472e-05
180	1.5854e-05
181	1.5645e-05
182	1.54172e-05
183	1.51603e-05
184	1.49307e-05
185	1.46729e-05
186	1.44674e-05
187	1.43082e-05
188	1.41622e-05
189	1.40386e-05
190	1.39452e-05
191	1.38649e-05
192	1.37888e-05
193	1.37268e-05
194	1.36886e-05
195	1.36434e-05
196	1.36054e-05
197	1.35762e-05
198	1.35451e-05
199	1.35066e-05
200	1.34649e-05
201	1.34275e-05
202	1.33862e-05
203	1.33315e-05
204	1.32761e-05
205	1.32213e-05
206	1.31583e-05
207	1.30927e-05
208	1.30251e-05
209	1.29389e-05
210	1.28666e-05
211	1.28031e-05
212	1.27427e-05
213	1.26845e-05
214	1.27738e-05
215	1.28914e-05
216	1.28457e-05
217	1.27298e-05
218	1.25995e-05
219	1.24856e-05
220	1.23646e-05
221	1.22631e-05
222	1.21786e-05
223	1.2109e-05
224	1.20408e-05
225	1.19863e-05
226	1.19461e-05
227	1.19125e-05
228	1.18745e-05
229	1.18494e-05
230	1.18265e-05
231	1.18051e-05
232	1.17889e-05
233	1.17759e-05
234	1.17692e-05
235	1.25643e-05
236	1.35631e-05
237	1.33639e-05
238	1.32953e-05
239	1.31045e-05
240	1.2841e-05
241	1.26244e-05
242	1.24641e-05
243	1.23223e-05
244	1.22086e-05
245	1.21016e-05
246	1.19945e-05
247	1.19064e-05
248	1.18283e-05
249	1.17676e-05
250	1.17185e-05
251	1.16745e-05
252	1.16358e-05
253	1.16126e-05
254	1.16162e-05
255	1.16136e-05
256	1.16234e-05
257	1.17122e-05
258	1.17479e-05
259	1.17351e-05
260	1.16774e-05
261	1.16416e-05
262	1.16254e-05
263	1.16209e-05
264	1.1616e-05
265	1.16139e-05
266	1.16175e-05
267	1.16313e-05
268	1.16257e-05
269	1.16149e-05
270	1.16065e-05
271	1.15975e-05
272	1.15825e-05
273	1.15653e-05
274	1.15495e-05
275	1.152e-05
276	1.14926e-05
277	1.14588e-05
278	1.14204e-05
279	1.13808e-05
280	1.13367e-05
281	1.20291e-05
282	1.20096e-05
283	1.30064e-05
284	1.22896e-05
285	1.18686e-05
286	1.16378e-05
287	1.14185e-05
288	1.12276e-05
289	1.10704e-05
290	1.09347e-05
291	1.08257e-05
292	1.07482e-05
293	1.07598e-05
294	1.08435e-05
295	1.08549e-05
296	1.07759e-05
297	1.06475e-05
298	1.05903e-05
299	1.05499e-05
300	1.04466e-05
301	1.03284e-05
302	1.0223e-05
303	1.01414e-05
304	1.00721e-05
305	1.00034e-05
306	9.94952e-06
307	9.90865e-06
308	9.87382e-06
309	9.83452e-06
310	9.80305e-06
311	9.84019e-06
312	9.79378e-06
313	9.72417e-06
314	9.66476e-06
315	9.60249e-06
316	9.55182e-06
317	9.54372e-06
318	9.51178e-06
319	9.47525e-06
320	9.45584e-06
321	9.44069e-06
322	9.43171e-06
323	9.42397e-06
324	9.4205e-06
325	9.41283e-06
326	9.39952e-06
327	9.38447e-06
328	9.36542e-06
329	9.34e-06
330	9.31248e-06
331	9.2887e-06
332	9.33134e-06
333	9.40803e-06
334	9.35433e-06
335	9.27291e-06
336	9.17768e-06
337	9.08456e-06
338	8.99085e-06
339	8.91421e-06
340	8.84914e-06
341	8.7884e-06
342	8.73823e-06
343	8.69464e-06
344	8.65058e-06
345	8.61442e-06
346	8.57661e-06
347	8.53624e-06
348	8.49676e-06
349	8.4575e-06
350	8.41497e-06
351	8.37565e-06
352	8.33003e-06
353	8.29019e-06
354	8.30862e-06
355	8.26122e-06
356	8.19408e-06
357	8.12948e-06
358	8.06936e-06
359	8.01077e-06
360	7.95906e-06
361	7.90822e-06
362	7.85842e-06
363	7.81289e-06
364	7.76503e-06
365	7.71574e-06
366	7.6678e-06
367	7.6251e-06
368	8.52004e-06
369	8.23617e-06
370	1.31849e-05
371	1.60533e-05
372	1.55105e-05
373	1.54786e-05
374	1.67246e-05
375	1.73994e-05
376	1.73348e-05
377	1.72635e-05
378	1.69245e-05
379	1.65262e-05
380	1.60447e-05
381	1.5563e-05
382	1.51036e-05
383	1.47841e-05
384	1.4552e-05
385	1.43099e-05
386	1.40227e-05
387	1.35895e-05
388	1.30791e-05
389	1.24665e-05
390	1.18965e-05
391	1.13375e-05
392	1.08638e-05
393	1.03973e-05
394	9.94098e-06
395	9.57698e-06
396	9.28725e-06
397	9.06972e-06
398	8.87359e-06
399	8.70189e-06
400	8.53981e-06
401	8.42359e-06
402	8.3331e-06
403	8.26624e-06
404	8.22049e-06
405	8.17618e-06
406	8.13977e-06
407	8.09759e-06
408	8.04202e-06
409	7.9769e-06
410	7.8835e-06
411	7.78688e-06
412	7.69312e-06
413	7.57085e-06
414	7.43912e-06
415	7.31067e-06
416	7.18313e-06
417	7.06165e-06
418	6.94772e-06
419	6.83597e-06
420	6.72765e-06
421	6.62627e-06
422	6.55031e-06
423	6.45953e-06
424	6.36068e-06
425	6.25219e-06
426	6.13143e-06
427	5.99601e-06
428	5.85877e-06
429	5.71586e-06
430	5.5798e-06
431	5.45645e-06
432	5.32453e-06
433	5.20635e-06
434	5.09378e-06
435	4.99114e-06
436	4.89748e-06
437	4.80514e-06
438	4.71935e-06
439	4.63243e-06
440	4.55164e-06
441	4.47062e-06
442	4.38928e-06
443	4.31312e-06
444	4.24024e-06
445	4.16843e-06
446	4.10218e-06
447	4.03687e-06
448	3.96535e-06
449	3.89942e-06
450	3.83888e-06
451	3.78107e-06
452	3.72421e-06
453	3.67249e-06
454	3.62003e-06
455	3.56926e-06
456	3.51868e-06
457	3.4688e-06
458	3.41874e-06
459	3.36766e-06
460	3.31652e-06
461	3.26613e-06
462	3.21461e-06
463	3.16413e-06
464	3.16356e-06
465	3.14539e-06
466	3.08772e-06
467	3.03873e-06
468	2.99699e-06
469	2.95573e-06
470	2.9195e-06
471	2.8861e-06
472	2.84986e-06
473	2.81219e-06
474	2.77125e-06
475	2.72743e-06
476	2.68309e-06
477	2.63988e-06
478	2.59749e-06
479	2.55424e-06
480	2.5151e-06
481	2.47954e-06
482	2.44631e-06
483	2.41419e-06
484	2.38494e-06
485	2.35777e-06
486	2.33097e-06
487	2.30347e-06
488	2.27557e-06
489	2.2493e-06
490	2.22334e-06
491	2.19798e-06
492	2.17279e-06
493	2.14816e-06
494	2.1254e-06
495	2.10303e-06
496	2.08195e-06
497	2.0605e-06
498	2.04039e-06
499	2.02115e-06
500	2.0027e-06
501	1.98474e-06
502	1.96673e-06
503	1.94858e-06
504	1.93079e-06
505	1.91374e-06
506	1.89631e-06
507	1.8795e-06
508	1.86243e-06
509	1.84546e-06
510	1.82872e-06
511	1.81135e-06
512	1.79431e-06
513	1.77783e-06
514	1.76173e-06
515	1.74619e-06
516	1.7304e-06
517	1.71464e-06
518	1.69888e-06
519	1.68275e-06
520	1.66608e-06
521	1.6492e-06
522	1.63234e-06
523	1.61519e-06
524	1.59761e-06
)

((xy/key/label "omega")
1	0.16009
2	0.0229791
3	0.0149924
4	0.0136896
5	0.0119381
6	0.0101555
7	0.00886393
8	0.00791668
9	0.00711825
10	0.00641562
11	0.00587443
12	0.00542053
13	0.00505916
14	0.0047683
15	0.00449846
16	0.004263
17	0.00404879
18	0.00384568
19	0.00362744
20	0.00342444
21	0.00324393
22	0.00306372
23	0.00287724
24	0.00271637
25	0.00254203
26	0.00239023
27	0.00224729
28	0.0021046
29	0.00197539
30	0.00184595
31	0.00174764
32	0.00163741
33	0.00154596
34	0.00146645
35	0.00136537
36	0.00127258
37	0.00119521
38	0.00112162
39	0.00104991
40	0.000979234
41	0.000915291
42	0.000854001
43	0.000796489
44	0.000744444
45	0.000690709
46	0.00063956
47	0.000592651
48	0.000550885
49	0.000508621
50	0.000469644
51	0.00043443
52	0.000401224
53	0.000369987
54	0.000342544
55	0.000315516
56	0.000290225
57	0.000267825
58	0.000247569
59	0.000231112
60	0.000212727
61	0.000196071
62	0.000181512
63	0.000170477
64	0.000159546
65	0.000146243
66	0.000134327
67	0.000124986
68	0.0001156
69	0.000106693
70	9.94307e-05
71	9.49991e-05
72	8.81246e-05
73	8.39028e-05
74	7.71558e-05
75	7.15152e-05
76	6.73249e-05
77	6.25828e-05
78	5.8738e-05
79	5.5633e-05
80	5.24264e-05
81	5.13338e-05
82	4.82207e-05
83	4.63837e-05
84	4.54621e-05
85	4.28913e-05
86	4.02612e-05
87	3.75519e-05
88	3.58515e-05
89	3.43505e-05
90	3.46898e-05
91	3.23286e-05
92	3.03724e-05
93	2.93614e-05
94	2.82109e-05
95	2.89711e-05
96	2.78527e-05
97	2.83906e-05
98	2.71695e-05
99	2.64454e-05
100	2.67952e-05
101	2.65908e-05
102	2.63626e-05
103	2.61804e-05
104	2.65916e-05
105	2.71236e-05
106	2.86851e-05
107	2.98546e-05
108	2.90354e-05
109	2.81256e-05
110	3.13427e-05
111	3.08953e-05
112	3.10301e-05
113	3.11678e-05
114	3.1698e-05
115	3.15267e-05
116	3.1628e-05
117	3.13055e-05
118	3.14898e-05
119	3.1358e-05
120	3.1691e-05
121	3.16753e-05
122	3.16486e-05
123	3.17317e-05
124	3.209e-05
125	3.28619e-05
126	3.35104e-05
127	3.55369e-05
128	3.60742e-05
129	3.75218e-05
130	3.91188e-05
131	4.07508e-05
132	4.21142e-05
133	4.03114e-05
134	3.93776e-05
135	3.81246e-05
136	3.64849e-05
137	3.53207e-05
138	3.42751e-05
139	3.30042e-05
140	3.18848e-05
141	3.07979e-05
142	2.96953e-05
143	2.87258e-05
144	2.78068e-05
145	2.69566e-05
146	2.61831e-05
147	2.54731e-05
148	2.48484e-05
149	2.43668e-05
150	2.41951e-05
151	2.39092e-05
152	2.36168e-05
153	2.34137e-05
154	2.32791e-05
155	2.32086e-05
156	2.31193e-05
157	2.30436e-05
158	2.29198e-05
159	2.27497e-05
160	2.26172e-05
161	2.24888e-05
162	2.23253e-05
163	2.23103e-05
164	2.23235e-05
165	2.22244e-05
166	2.39801e-05
167	2.28389e-05
168	2.43304e-05
169	2.37159e-05
170	2.33511e-05
171	2.31654e-05
172	2.29146e-05
173	2.27146e-05
174	2.23156e-05
175	2.20634e-05
176	2.18152e-05
177	2.15876e-05
178	2.1231e-05
179	2.08573e-05
180	2.05116e-05
181	2.01799e-05
182	1.97883e-05
183	1.93722e-05
184	1.9002e-05
185	1.86711e-05
186	1.83868e-05
187	1.81051e-05
188	1.78903e-05
189	1.76782e-05
190	1.75653e-05
191	1.74864e-05
192	1.74312e-05
193	1.74154e-05
194	1.74422e-05
195	1.74078e-05
196	1.73454e-05
197	1.72961e-05
198	1.72561e-05
199	1.72364e-05
200	1.72137e-05
201	1.71591e-05
202	1.70799e-05
203	1.70005e-05
204	1.69101e-05
205	1.68225e-05
206	1.66988e-05
207	1.6618e-05
208	1.64973e-05
209	1.64117e-05
210	1.63322e-05
211	1.62497e-05
212	1.6159e-05
213	1.70617e-05
214	1.67073e-05
215	1.64395e-05
216	1.61747e-05
217	1.60214e-05
218	1.5872e-05
219	1.56768e-05
220	1.54837e-05
221	1.53307e-05
222	1.51878e-05
223	1.50643e-05
224	1.49568e-05
225	1.48571e-05
226	1.47782e-05
227	1.47116e-05
228	1.46439e-05
229	1.45941e-05
230	1.45548e-05
231	1.45165e-05
232	1.44965e-05
233	1.44777e-05
234	1.44636e-05
235	1.66184e-05
236	1.73245e-05
237	1.68671e-05
238	1.66675e-05
239	1.6557e-05
240	1.6471e-05
241	1.63259e-05
242	1.60533e-05
243	1.58283e-05
244	1.57019e-05
245	1.55511e-05
246	1.54271e-05
247	1.52784e-05
248	1.51501e-05
249	1.50448e-05
250	1.49753e-05
251	1.49096e-05
252	1.4872e-05
253	1.48285e-05
254	1.48007e-05
255	1.48056e-05
256	1.4805e-05
257	1.5138e-05
258	1.50352e-05
259	1.49279e-05
260	1.48541e-05
261	1.48126e-05
262	1.47808e-05
263	1.47457e-05
264	1.47085e-05
265	1.46724e-05
266	1.46496e-05
267	1.46451e-05
268	1.46275e-05
269	1.46118e-05
270	1.4602e-05
271	1.45839e-05
272	1.45567e-05
273	1.4543e-05
274	1.45319e-05
275	1.45169e-05
276	1.44877e-05
277	1.44533e-05
278	1.44187e-05
279	1.43913e-05
280	1.43604e-05
281	1.69149e-05
282	1.52719e-05
283	1.70217e-05
284	1.62913e-05
285	1.57498e-05
286	1.54369e-05
287	1.50727e-05
288	1.47155e-05
289	1.43455e-05
290	1.41061e-05
291	1.39676e-05
292	1.3831e-05
293	1.46457e-05
294	1.4322e-05
295	1.42013e-05
296	1.38923e-05
297	1.3725e-05
298	1.37215e-05
299	1.3731e-05
300	1.35339e-05
301	1.33774e-05
302	1.32091e-05
303	1.30768e-05
304	1.29594e-05
305	1.28326e-05
306	1.27203e-05
307	1.26245e-05
308	1.25424e-05
309	1.24589e-05
310	1.27933e-05
311	1.25995e-05
312	1.23685e-05
313	1.21941e-05
314	1.2072e-05
315	1.20775e-05
316	1.18887e-05
317	1.19143e-05
318	1.18772e-05
319	1.18198e-05
320	1.17569e-05
321	1.16727e-05
322	1.16008e-05
323	1.15854e-05
324	1.15911e-05
325	1.15968e-05
326	1.15924e-05
327	1.15837e-05
328	1.15722e-05
329	1.15527e-05
330	1.15317e-05
331	1.15074e-05
332	1.19054e-05
333	1.1786e-05
334	1.15823e-05
335	1.14163e-05
336	1.12856e-05
337	1.11662e-05
338	1.10676e-05
339	1.09716e-05
340	1.08818e-05
341	1.07959e-05
342	1.07153e-05
343	1.06411e-05
344	1.05633e-05
345	1.0492e-05
346	1.04269e-05
347	1.03592e-05
348	1.02897e-05
349	1.02257e-05
350	1.0166e-05
351	1.01103e-05
352	1.00602e-05
353	1.04136e-05
354	1.02141e-05
355	1.00131e-05
356	9.89853e-06
357	9.8191e-06
358	9.75358e-06
359	9.68839e-06
360	9.62824e-06
361	9.56908e-06
362	9.5116e-06
363	9.44187e-06
364	9.37757e-06
365	9.31695e-06
366	9.25662e-06
367	9.19493e-06
368	1.25448e-05
369	1.093e-05
370	1.81484e-05
371	2.23052e-05
372	2.22214e-05
373	2.09299e-05
374	2.27873e-05
375	2.35565e-05
376	2.29668e-05
377	2.26345e-05
378	2.19098e-05
379	2.14265e-05
380	2.11091e-05
381	2.0729e-05
382	2.02125e-05
383	1.97617e-05
384	1.94106e-05
385	1.92877e-05
386	1.90676e-05
387	1.88833e-05
388	1.83148e-05
389	1.77925e-05
390	1.72893e-05
391	1.64194e-05
392	1.58101e-05
393	1.50571e-05
394	1.42006e-05
395	1.34055e-05
396	1.26859e-05
397	1.21011e-05
398	1.16524e-05
399	1.12902e-05
400	1.10054e-05
401	1.0795e-05
402	1.06481e-05
403	1.05135e-05
404	1.04115e-05
405	1.03229e-05
406	1.02371e-05
407	1.02157e-05
408	1.01586e-05
409	1.01039e-05
410	1.00601e-05
411	9.95191e-06
412	9.84822e-06
413	9.74938e-06
414	9.60571e-06
415	9.44425e-06
416	9.27301e-06
417	9.11803e-06
418	8.99366e-06
419	8.89998e-06
420	8.79961e-06
421	8.73659e-06
422	8.72441e-06
423	8.68188e-06
424	8.55489e-06
425	8.3952e-06
426	8.16468e-06
427	7.93159e-06
428	7.67333e-06
429	7.42973e-06
430	7.19834e-06
431	6.93777e-06
432	6.72457e-06
433	6.53366e-06
434	6.36663e-06
435	6.2327e-06
436	6.11606e-06
437	6.01349e-06
438	5.92271e-06
439	5.82379e-06
440	5.73609e-06
441	5.64364e-06
442	5.54534e-06
443	5.44756e-06
444	5.35469e-06
445	5.26679e-06
446	5.18653e-06
447	5.11255e-06
448	5.03557e-06
449	4.95824e-06
450	4.88305e-06
451	4.8128e-06
452	4.74661e-06
453	4.68416e-06
454	4.61992e-06
455	4.55962e-06
456	4.49942e-06
457	4.43994e-06
458	4.38074e-06
459	4.31797e-06
460	4.25442e-06
461	4.19454e-06
462	4.13299e-06
463	4.07295e-06
464	4.17403e-06
465	4.1418e-06
466	4.07857e-06
467	4.02071e-06
468	3.94958e-06
469	3.87682e-06
470	3.81117e-06
471	3.74709e-06
472	3.68793e-06
473	3.62814e-06
474	3.56279e-06
475	3.50183e-06
476	3.44068e-06
477	3.3816e-06
478	3.32315e-06
479	3.26458e-06
480	3.20668e-06
481	3.15111e-06
482	3.0996e-06
483	3.05179e-06
484	3.00822e-06
485	2.96778e-06
486	2.92941e-06
487	2.89047e-06
488	2.85217e-06
489	2.81908e-06
490	2.78722e-06
491	2.75885e-06
492	2.73113e-06
493	2.70451e-06
494	2.67889e-06
495	2.65273e-06
496	2.62673e-06
497	2.60243e-06
498	2.57853e-06
499	2.55494e-06
500	2.53216e-06
501	2.51022e-06
502	2.48902e-06
503	2.46783e-06
504	2.44688e-06
505	2.42702e-06
506	2.40722e-06
507	2.38872e-06
508	2.36944e-06
509	2.34987e-06
510	2.32919e-06
511	2.30073e-06
512	2.27251e-06
513	2.24303e-06
514	2.21603e-06
515	2.19121e-06
516	2.1674e-06
517	2.14435e-06
518	2.12446e-06
519	2.105e-06
520	2.08509e-06
521	2.06738e-06
522	2.04917e-06
523	2.03053e-06
524	2.01194e-06
)
